start=2955.133333
volume=45.000000
