start=4247.576667
volume=55.000000
