start=1386.512000
volume=80.000000
