start=1450.325000
sub-delay=-0.100000
