start=9990.113000
speed=1.771561
pause=yes
volume=75.000000
fullscreen=no
